380	0.04841274052	0.0699160163	0.05209557973	0.004559579367	-0.04554223572	-0.06886413157	-0.04937533171	-0.0271043123
378	0.04872073674	0.07010688134	0.0516871342	0.00350197894	-0.04665231385	-0.06908908367	-0.04750588129	-0.02817212632
376	0.04903172454	0.07029526309	0.05126478387	0.002427641805	-0.04776023913	-0.0692744526	-0.04546743278	-0.02934838702
374	0.04934573805	0.07048102943	0.05082820539	0.001336506095	-0.04886521451	-0.06941809643	-0.04328335627	-0.03055426054
372	0.04966281181	0.07066404351	0.05037706912	0.0002285207938	-0.04996640428	-0.06951769307	-0.04100118452	-0.031697417
370	0.0499829807	0.0708441636	0.04991103902	-0.0008963534207	-0.05106293239	-0.06957070135	-0.0386910807	-0.0326852027
368	0.05030627996	0.0710212429	0.04942977266	-0.002038143275	-0.05215388092	-0.06957431031	-0.03643639791	-0.03344067826
366	0.05063274519	0.07119512934	0.04893292118	-0.003196861971	-0.05323828827	-0.06952537263	-0.0343192473	-0.03391468113
364	0.05096241229	0.07136566537	0.04842012924	-0.004372508208	-0.0543151475	-0.06942031668	-0.03240730868	-0.03408909559
362	0.05129531748	0.0715326878	0.04789103505	-0.005565065158	-0.05538340442	-0.06925502955	-0.03074694997	-0.03397178104
360	0.05163149729	0.07169602755	0.04734527033	-0.006774499385	-0.05644195578	-0.06902470031	-0.02936350494	-0.03358742492
358	0.05197098852	0.07185550945	0.04678246034	-0.008000759718	-0.05748964721	-0.0687236091	-0.02826619798	-0.03296868187
356	0.05231382825	0.07201095202	0.04620222387	-0.009243776065	-0.05852527117	-0.06834484211	-0.02745452734	-0.03214985959
354	0.05266005382	0.07216216724	0.04560417331	-0.01050345816	-0.05954756477	-0.06787990613	-0.02692399077	-0.03116342114
352	0.05300970282	0.07230896032	0.04498791465	-0.01177969427	-0.0605552074	-0.06731820866	-0.0266703396	-0.03003861487
350	0.05336281304	0.07245112942	0.04435304756	-0.01307234979	-0.06154681826	-0.066646364	-0.02669234356	-0.02880140198
348	0.05371942251	0.07258846546	0.04369916547	-0.01438126586	-0.06252095369	-0.06584728715	-0.02699330751	-0.0274750549
346	0.05407956944	0.07272075178	0.04302585566	-0.01570625777	-0.06347610422	-0.06489906167	-0.02758150086	-0.02608104896
344	0.05444329221	0.07284776395	0.04233269935	-0.01704711345	-0.06441069138	-0.0637736481	-0.02846939136	-0.02464005326
342	0.05481062935	0.07296926942	0.04161927187	-0.01840359174	-0.06532306418	-0.06243569888	-0.02967119226	-0.0231729291
340	0.05518161954	0.07308502726	0.04088514277	-0.01977542069	-0.06621149507	-0.06084217017	-0.03119779787	-0.02170167385
338	0.05555630155	0.07319478787	0.04012987605	-0.02116229568	-0.06707417548	-0.05894417194	-0.03304792052	-0.02025020968
336	0.05593471423	0.07329829265	0.0393530303	-0.02256387753	-0.06790921055	-0.05669347093	-0.03519477996	-0.01884480917
334	0.05631689649	0.07339527368	0.03855415901	-0.02397979047	-0.06871461305	-0.05405641474	-0.03757017586	-0.01751380525
332	0.05670288726	0.07348545338	0.03773281079	-0.02540962004	-0.06948829621	-0.05103564869	-0.04005291966	-0.01628618269
330	0.05709272549	0.07356854418	0.03688852966	-0.02685291084	-0.070228065	-0.0476927235	-0.04247367603	-0.0151889323
328	0.05748645005	0.07364424817	0.03602085541	-0.02830916426	-0.07093160564	-0.04415585195	-0.04464492628	-0.01424376755
326	0.05788409975	0.0737122567	0.03512932399	-0.02977783601	-0.07159647252	-0.04059893846	-0.0464075625	-0.01346452297
324	0.05828571329	0.07377225001	0.03421346787	-0.03125833362	-0.07222007195	-0.03719764129	-0.04766818361	-0.01285647654
322	0.05869132921	0.07382389684	0.03327281656	-0.03275001375	-0.07279964147	-0.03408773324	-0.04840642024	-0.01241780789
320	0.05910098584	0.07386685403	0.03230689708	-0.03425217943	-0.07333222327	-0.03134687196	-0.04865557207	-0.01214229775
318	0.05951472128	0.07390076608	0.03131523456	-0.03576407716	-0.07381462971	-0.02900029288	-0.04847492459	-0.01202204644
316	0.0599325733	0.07392526469	0.03029735283	-0.03728489386	-0.07424339776	-0.02703790234	-0.04792811377	-0.01204937733
314	0.06035457933	0.07393996838	0.02925277511	-0.03881375371	-0.07461472831	-0.02543142106	-0.047071386	-0.01221761029
312	0.06078077639	0.07394448194	0.02818102476	-0.04034971484	-0.07492440416	-0.02414671796	-0.0459494582	-0.01252066483
310	0.06121120101	0.073938396	0.02708162611	-0.04189176585	-0.0751676778	-0.02315110499	-0.04459566683	-0.01295146826
308	0.06164588917	0.07392128651	0.02595410532	-0.04343882226	-0.07533911579	-0.02241704313	-0.0430342408	-0.01349906066
306	0.06208487625	0.07389271424	0.0247979914	-0.04498972268	-0.07543238008	-0.02192376709	-0.0412838688	-0.01414432357
304	0.06252819692	0.07385222424	0.02361281724	-0.04654322492	-0.07543991659	-0.02165790927	-0.03936259025	-0.01485468036
302	0.06297588507	0.07379934528	0.02239812078	-0.04809800185	-0.07535250542	-0.02161378876	-0.03729417126	-0.01557918044
300	0.06342797372	0.0737335893	0.02115344624	-0.04965263718	-0.07515860277	-0.02179375011	-0.03511523358	-0.01624693355
298	0.06388449494	0.07365445084	0.01987834555	-0.05120562091	-0.07484336617	-0.02220876943	-0.03288052076	-0.01677264867
296	0.06434547974	0.07356140642	0.01857237977	-0.05275534474	-0.07438719685	-0.02287944096	-0.03066222702	-0.01707083366
294	0.06481095793	0.07345391393	0.0172351207	-0.05430009711	-0.07376354999	-0.02383734849	-0.02854096577	-0.01707456475
292	0.06528095807	0.07333141198	0.01586615267	-0.05583805811	-0.07293566295	-0.02512661708	-0.0265912519	-0.01675004503
290	0.06575550729	0.07319331929	0.01446507435	-0.05736729415	-0.07185178811	-0.02680494687	-0.02486875428	-0.0161001701
288	0.06623463119	0.07303903398	0.01303150085	-0.05888575225	-0.0704387039	-0.02894230267	-0.02340513288	-0.01515774033
286	0.06671835367	0.07286793289	0.01156506586	-0.06039125412	-0.06859435009	-0.03161311722	-0.0222107445	-0.01397439035
284	0.06720669682	0.0726793709	0.01006542407	-0.06188148988	-0.06618390165	-0.03487409123	-0.02128154474	-0.01261097268
282	0.06769968073	0.07247268017	0.008532253675	-0.0633540113	-0.06305164901	-0.03871690715	-0.02060636459	-0.01113174215
280	0.06819732331	0.07224716942	0.006965259187	-0.06480622469	-0.05907163466	-0.04299466759	-0.02017255377	-0.009601866253
278	0.06869964017	0.07200212319	0.005364174361	-0.06623538309	-0.05425146575	-0.04736205335	-0.01996960959	-0.008086561445
276	0.06920664432	0.07173680104	0.003728765412	-0.06763857788	-0.04883672748	-0.05132237767	-0.01999116378	-0.006649923074
274	0.06971834608	0.07145043677	0.002058834452	-0.0690127295	-0.04328469553	-0.05442020833	-0.02023580358	-0.005351755173
272	0.07023475275	0.07114223764	0.0003542231831	-0.07035457706	-0.03807065333	-0.05643089603	-0.0207070026	-0.004241588612
270	0.07075586846	0.07081138352	-0.001385183131	-0.07166066665	-0.03349953517	-0.05737430275	-0.0214121211	-0.003351032043
268	0.07128169384	0.07045702612	-0.003159451384	-0.07292733778	-0.02966941195	-0.05739554196	-0.02236005391	-0.002688017387
266	0.07181222584	0.07007828809	-0.004968596061	-0.07415070756	-0.02654207268	-0.05665307168	-0.02355667984	-0.002236992753
264	0.07234745734	0.06967426223	-0.006812574324	-0.07532665166	-0.02402233171	-0.05526897411	-0.02499694259	-0.001965932169
262	0.07288737691	0.06924401063	-0.008691280732	-0.07645078108	-0.02200616582	-0.05332498768	-0.02665268763	-0.001836595982
260	0.07343196848	0.06878656377	-0.01060454162	-0.07751841305	-0.0204013571	-0.05088074987	-0.02845739591	-0.001813184485
258	0.07398121094	0.06830091976	-0.01255210902	-0.07852453392	-0.01913319547	-0.04800182099	-0.03029379264	-0.0018669126
256	0.07453507781	0.06778604342	-0.01453365423	-0.07946375066	-0.01814394729	-0.04478807811	-0.03199620702	-0.001976910547
254	0.07509353684	0.06724086544	-0.01654876088	-0.0803302261	-0.01739040674	-0.04138784617	-0.03337843678	-0.002129028444
252	0.07565654953	0.06666428162	-0.01859691752	-0.08111759081	-0.01684130923	-0.03798358511	-0.03428156293	-0.002313858541
250	0.07622407074	0.06605515197	-0.02067750976	-0.08181882034	-0.01647521939	-0.03475277725	-0.03461547768	-0.002524609708
248	0.07679604815	0.06541229999	-0.02278981176	-0.08242606076	-0.01627904513	-0.03182875131	-0.03436960657	-0.00275493438
246	0.07737242178	0.06473451187	-0.02493297733	-0.08293037515	-0.01624718196	-0.02928416512	-0.03359388263	-0.002996511779
244	0.07795312339	0.06402053578	-0.02710603023	-0.0833213669	-0.01638127649	-0.02713860043	-0.03236990698	-0.003236089791
242	0.07853807591	0.06326908121	-0.02930785399	-0.08358660652	-0.01669064023	-0.02537727159	-0.0307890742	-0.003451812351
240	0.0791271928	0.06247881832	-0.03153718104	-0.08371073715	-0.01719342039	-0.02396898066	-0.02894244317	-0.003609193311
238	0.07972037737	0.06164837741	-0.03379258105	-0.08367404149	-0.01791874141	-0.02287853757	-0.02691952939	-0.003658286226
236	0.08031752202	0.06077634841	-0.03607244863	-0.08345008097	-0.01891017493	-0.02207377245	-0.02481094251	-0.003535245435
234	0.08091850752	0.05986128052	-0.03837499023	-0.08300169771	-0.02023106582	-0.02152888248	-0.02270954842	-0.003172010826
232	0.08152320214	0.05890168192	-0.04069821021	-0.08227407021	-0.02197234374	-0.0212257621	-0.02070587846	-0.002514567585
230	0.08213146074	0.05789601961	-0.04303989603	-0.08118244931	-0.02426307514	-0.0211544291	-0.01887750652	-0.001543230983
228	0.08274312387	0.05684271939	-0.0453976026	-0.07959063388	-0.02728169222	-0.02131318456	-0.01727788304	-0.0002844099858
226	0.08335801671	0.05574016601	-0.04776863561	-0.07727567567	-0.03125697874	-0.02170882433	-0.01593174776	0.001191376148
224	0.08397594797	0.0545867035	-0.05015003394	-0.07388382987	-0.03642135583	-0.02235700052	-0.01483922594	0.002781080437
222	0.08459670877	0.05338063574	-0.05253855093	-0.06893487805	-0.04282720453	-0.02328262282	-0.01398485371	0.00436310027
220	0.08522007135	0.0521202272	-0.0549306346	-0.0620609248	-0.04995577865	-0.0245198707	-0.0133465891	0.005810766668
218	0.08584578772	0.05080370405	-0.05732240664	-0.05360662547	-0.05647652858	-0.02611077864	-0.01290220416	0.007007537998
216	0.08647358828	0.04942925553	-0.05970964014	-0.04487106046	-0.06095216554	-0.02810020554	-0.01263283939	0.007866383997
214	0.08710318021	0.04799503566	-0.06208773596	-0.03718513008	-0.06287796323	-0.03052313696	-0.01252453393	0.008350000975
212	0.08773424589	0.04649916539	-0.06445169749	-0.03106950548	-0.06257477019	-0.03337841319	-0.01256859469	0.008480892272
210	0.0883664411	0.04493973515	-0.06679610385	-0.02640925083	-0.06053168137	-0.03658493712	-0.01276136509	0.008331293306
208	0.08899939311	0.04331480799	-0.06911508103	-0.02289126718	-0.05714439953	-0.03993115024	-0.01310362008	0.007996382073
206	0.08963269871	0.04162242314	-0.07140227082	-0.02022107949	-0.05277635446	-0.04306020435	-0.0135995131	0.007566463366
204	0.09026592198	0.0398606004	-0.07365079699	-0.01817446701	-0.04785574598	-0.04554661507	-0.01425468779	0.007111002267
202	0.09089859199	0.03802734504	-0.07585322812	-0.01659177201	-0.04285819478	-0.04704947568	-0.01507278208	0.006675825839
200	0.09153020026	0.03612065367	-0.07800153605	-0.01536139079	-0.03818883337	-0.0474245859	-0.01604911569	0.006287796929
198	0.09216019812	0.03413852089	-0.08008704866	-0.0144053797	-0.03408858234	-0.04671367439	-0.01716017804	0.005961410633
196	0.0927879938	0.03207894699	-0.08210039491	-0.01366913105	-0.03063511767	-0.04506280317	-0.01834863649	0.005704542501
194	0.09341294935	0.02993994674	-0.08403143906	-0.01311442515	-0.0278013184	-0.04265820159	-0.0195078262	0.005522713753
192	0.09403437731	0.02771955945	-0.0858691996	-0.01271487341	-0.02551402948	-0.03970774502	-0.02047769242	0.005422179588
190	0.09465153712	0.02541586035	-0.08760174562	-0.012452991	-0.02369070998	-0.03644447255	-0.02106911379	0.00541236318
188	0.09526363134	0.0230269736	-0.08921605961	-0.01231839485	-0.02225650515	-0.03311641544	-0.02112004869	0.005508070001
186	0.09586980149	0.02055108689	-0.09069784902	-0.01230682369	-0.02114998756	-0.0299491773	-0.02055547177	0.005731673795
184	0.09646912365	0.01798646809	-0.09203127746	-0.01241982535	-0.02032372186	-0.02710373472	-0.01941142383	0.006114995531
182	0.09706060367	0.01533148385	-0.09319856714	-0.01266507752	-0.01974298415	-0.02466025977	-0.01781452089	0.00669969945
180	0.09764317213	0.01258462063	-0.09417938861	-0.01305742817	-0.01938416397	-0.02263233801	-0.01594131134	0.007533644594
178	0.09821567877	0.009744508354	-0.09494988821	-0.01362089463	-0.0192334709	-0.02099387948	-0.01398029787	0.008659579725
176	0.09877688662	0.006809946796	-0.09548107534	-0.01439209398	-0.01928617552	-0.01970256425	-0.01210150979	0.01009435431
174	0.09932546566	0.00377993528	-0.09573603058	-0.01542597551	-0.0195464757	-0.01871446181	-0.01043184854	0.01180369169
172	0.09985998597	0.0006537057929	-0.09566483746	-0.01680543695	-0.02002805497	-0.01799121191	-0.009040360264	0.01368538532
170	0.1003789104	-0.002569240008	-0.09519488524	-0.01865767153	-0.02075542279	-0.01750272797	-0.007940381552	0.01557244939
168	0.1008805866	-0.00588908954	-0.09421123816	-0.02118213046	-0.0217661494	-0.01722773594	-0.007106800454	0.01725729846
166	0.1013632386	-0.009305673348	-0.09251470445	-0.02469683091	-0.0231140608	-0.01715350847	-0.006497420294	0.01853192587
164	0.1018249576	-0.01281841402	-0.08972971601	-0.02970208894	-0.02487316236	-0.01727547736	-0.006068758763	0.01923953981
162	0.1022636924	-0.01642626947	-0.08511738131	-0.03689030412	-0.02714103558	-0.01759701661	-0.005783891268	0.01932553841
160	0.1026772383	-0.02012766998	-0.07737939815	-0.04670298227	-0.03003751077	-0.01812946284	-0.00561462714	0.01885958293
158	0.103063226	-0.02392044854	-0.06544482997	-0.05759880924	-0.03368708762	-0.01889225407	-0.005540934289	0.01800548694
156	0.1034191096	-0.02780176378	-0.051316925	-0.06514959408	-0.03815928591	-0.01991279193	-0.005549484214	0.01695489774
154	0.1037421531	-0.03176801486	-0.03917990088	-0.06672814522	-0.04332951417	-0.02122508384	-0.005632163405	0.01586918101
152	0.1040294162	-0.03581474758	-0.03052266951	-0.06345874842	-0.04867383473	-0.02286511627	-0.005784794965	0.01485600035
150	0.1042777395	-0.03993655112	-0.02463019118	-0.05730469454	-0.05320999435	-0.02485894028	-0.006006019298	0.0139743682
148	0.1044837278	-0.04412694437	-0.02056149465	-0.05002902977	-0.05589027506	-0.02719695497	-0.006296117426	0.01325047329
146	0.1046437326	-0.0483782513	-0.01766739963	-0.04300471808	-0.05619054501	-0.02978823982	-0.006655396523	0.01269269622
144	0.1047538335	-0.05268146432	-0.01554864205	-0.03696676874	-0.05424436645	-0.0324024688	-0.007081508538	0.01230222828
142	0.1048098178	-0.05702609479	-0.01396095441	-0.03208626104	-0.05058370888	-0.03464508797	-0.007564705187	0.01207972131
140	0.1048071591	-0.06140000968	-0.0127512471	-0.02824699415	-0.04591135864	-0.03604209331	-0.008079690175	0.01202939205
138	0.1047409938	-0.0657892532	-0.01182069024	-0.02525337009	-0.04094455331	-0.03623725001	-0.008573137464	0.01216180938
136	0.1046060967	-0.07017785227	-0.01110376001	-0.02292163905	-0.03625020285	-0.03515468601	-0.008949093383	0.01249612621
134	0.1043968547	-0.07454760405	-0.01055615551	-0.02110492016	-0.03214629307	-0.03299913562	-0.009063122548	0.01306198885
132	0.104107238	-0.07887784351	-0.01014766274	-0.01969297032	-0.02872891708	-0.03014447495	-0.008747178041	0.01390061227
130	0.1037307709	-0.08314518801	-0.009857854717	-0.01860530283	-0.02596319443	-0.02701081837	-0.007880398953	0.0150631913
128	0.1032604997	-0.08732325417	-0.009673485073	-0.0177841073	-0.0237625337	-0.02396236788	-0.006476259924	0.01660262257
126	0.102688959	-0.09138233965	-0.009586951087	-0.01718864771	-0.02203332283	-0.0212395836	-0.004715462596	0.01855220103
124	0.1020081365	-0.09528905741	-0.00959549151	-0.01679126374	-0.02069351909	-0.0189476419	-0.002887368942	0.02088656227
122	0.1012094356	-0.09900590133	-0.009700959382	-0.01657471673	-0.01967770094	-0.01709279197	-0.001275785439	0.02347287883
120	0.1002836364	-0.1024907059	-0.009910134996	-0.01653060987	-0.01893660503	-0.01563084279	-5.734048405e-005	0.02604267489
118	0.09922085564	-0.1056959331	-0.01023566107	-0.01665870248	-0.01843503356	-0.01450252838	0.0007331791306	0.02822212845
116	0.09801050451	-0.108567664	-0.01069783182	-0.01696705118	-0.01814972789	-0.01365176874	0.001164235775	0.02963187582
114	0.09664124644	-0.1110440596	-0.01132770891	-0.01747303453	-0.01806777026	-0.01303247724	0.001341192818	0.03002649033
112	0.09510095397	-0.1130528275	-0.01217248224	-0.018205466	-0.0181856745	-0.01260974985	0.001359353736	0.02940544806
110	0.09337666602	-0.1145067299	-0.01330488417	-0.01920819715	-0.01850920432	-0.01235894474	0.0012873972	0.02801134714
108	0.09145454638	-0.1152950015	-0.01484035729	-0.02054588358	-0.01905394912	-0.0122643078	0.00116894589	0.02620311958
106	0.08931984447	-0.1152656014	-0.01696989039	-0.02231291907	-0.01984670845	-0.0123177962	0.001029652115	0.02430554048
104	0.08695686002	-0.11418505	-0.02002604187	-0.02464671666	-0.02092772666	-0.01251829668	0.0008838458682	0.0225340599
102	0.08434891351	-0.1116376015	-0.02461988119	-0.02774543606	-0.02235365882	-0.01287124023	0.0007392799463	0.02099847567
100	0.08147832495	-0.1067453206	-0.03190321477	-0.03188349229	-0.02420053537	-0.01338850412	0.0006002102441	0.01973860299
98	0.07635801759	-0.09749293303	-0.04348150802	-0.03673527404	-0.02541769736	-0.01242374774	0.00264272883	0.02135754544
96	0.07164466231	-0.08124606325	-0.06030181329	-0.04385086368	-0.02773282985	-0.0119668326	0.004566479914	0.02334729724
94	0.06730792989	-0.05942832836	-0.07255307207	-0.05320135054	-0.03149000134	-0.01220880911	0.006240814453	0.02552331538
92	0.06332016306	-0.04273960406	-0.07249700903	-0.06317094972	-0.03701702583	-0.01339435262	0.00751957024	0.02772359284
90	0.05965619057	-0.03309975222	-0.0657235639	-0.07071616543	-0.04439521112	-0.01582818407	0.008228741136	0.02979843271
88	0.05629316391	-0.02764829435	-0.05803053634	-0.07393661246	-0.05307622758	-0.01985350901	0.008151847698	0.03159952129
86	0.05321041622	-0.02445114069	-0.05183257399	-0.07335599617	-0.06172634459	-0.02575924762	0.007015083367	0.03296762255
84	0.05038934373	-0.02252718706	-0.04745302188	-0.07071121837	-0.06880688875	-0.03357203332	0.004481049345	0.03371783822
82	0.04781331061	-0.02137038785	-0.04454339884	-0.06759675885	-0.07345211851	-0.04279602341	0.000174692553	0.03362193561
80	0.04546757891	-0.02070228736	-0.04269950736	-0.06489759466	-0.0757508313	-0.05237252955	-0.006215216193	0.03239011606
78	0.0433392662	-0.02035925199	-0.04160732506	-0.06289893256	-0.07641284699	-0.06106338479	-0.01472616462	0.0296631216
76	0.04141733499	-0.02023934554	-0.04104484925	-0.06158430298	-0.07625263981	-0.06798570429	-0.02488162836	0.02504387717
74	0.03969261973	-0.02027574274	-0.04085782325	-0.06083659591	-0.07585409475	-0.0728847556	-0.03565788906	0.01821875951
72	0.03815789969	-0.0204225846	-0.04093797032	-0.06052669374	-0.07551887727	-0.07604120269	-0.04580378235	0.009194260459
70	0.03680802979	-0.02064701371	-0.0412076312	-0.0605423457	-0.07535587534	-0.07796284423	-0.05431583632	-0.001461219792
68	0.03564014624	-0.02092444446	-0.04160954891	-0.06079328099	-0.07537544327	-0.07911429298	-0.06074818377	-0.01262060753
66	0.03465397145	-0.02123559964	-0.04210011389	-0.06120868994	-0.0755477899	-0.07981343153	-0.06519543938	-0.02295694346
64	0.03385225343	-0.021564537	-0.04264480617	-0.06173306303	-0.0758317827	-0.08024443839	-0.0680396481	-0.03144389477
62	0.03324139125	-0.02189722699	-0.043214992	-0.06232227826	-0.07618715889	-0.08050361317	-0.06970046142	-0.03765694166
60	0.03283232262	-0.02222040899	-0.04378551694	-0.0629403493	-0.07657882377	-0.08063816945	-0.07051610749	-0.04170974282
58	0.03264178779	-0.02252052817	-0.04433270291	-0.06355676332	-0.07697772246	-0.08067084441	-0.07072650449	-0.04398314848
56	0.03269414324	-0.02278257061	-0.04483243033	-0.06414419376	-0.07736034558	-0.08061377073	-0.07049554584	-0.04489681089
54	0.03302399209	-0.02298857423	-0.0452579802	-0.06467632185	-0.07770772928	-0.08047591657	-0.06993770483	-0.04480751213
52	0.03368004748	-0.02311547584	-0.04557721067	-0.06512543898	-0.07800423836	-0.08026704668	-0.06913851894	-0.04399217013
50	0.03473088206	-0.02313169418	-0.04574839246	-0.06545936781	-0.07823612464	-0.07999991039	-0.06816851999	-0.04266303732
48	0.03627358357	-0.02299127898	-0.04571348979	-0.06563695136	-0.078389631	-0.07969156154	-0.06709259128	-0.04098844798
46	0.03844685933	-0.02262315436	-0.04538652307	-0.0656007612	-0.07844812691	-0.07936422728	-0.06597668637	-0.03911070771
44	0.04145065812	-0.02190978005	-0.04463210636	-0.06526443652	-0.07838724267	-0.07904577697	-0.06489333263	-0.03716023855
42	0.04557383128	-0.0206408862	-0.04322340204	-0.06448948884	-0.07816591958	-0.07876939015	-0.06392688027	-0.03526730463
40	0.0512240966	-0.01840168577	-0.04075497165	-0.06304115972	-0.07770913429	-0.07857116156	-0.06317902213	-0.03357301722
38	0.0589110979	-0.01426482244	-0.03645558486	-0.06050351574	-0.07687385837	-0.07848248344	-0.06277438989	-0.03224118603
36	0.06888033188	-0.005821307701	-0.0288080864	-0.05612613939	-0.07538333493	-0.07850994272	-0.0628642512	-0.0314721159
34	0.07856616852	0.01351436401	-0.01511570226	-0.04862660844	-0.07271410631	-0.07858795494	-0.06362170761	-0.03151787769
