1000	-37.64842
1020.067	-38.50543
1040.134	-39.4208
1060.201	-40.0363
1080.268	-40.07666
1100.334	-39.68409
1120.401	-39.25797
1140.468	-39.09024
1160.535	-39.26857
1180.602	-39.70033
1200.669	-40.14106
1220.736	-40.32558
1240.803	-40.21715
1260.87	-40.0377
1280.936	-40.01653
1301.003	-40.21617
1321.07	-40.52051
1341.137	-40.73278
1361.204	-40.76386
1381.271	-40.72188
1401.338	-40.76962
1421.405	-40.95597
1441.472	-41.1862
1461.538	-41.32372
1481.605	-41.3391
1501.672	-41.33181
1521.739	-41.40093
1541.806	-41.54385
1561.873	-41.67708
1581.94	-41.73921
1602.007	-41.76009
1622.074	-41.8134
1642.14	-41.92651
1662.207	-42.05641
1682.274	-42.14696
1702.341	-42.19785
1722.408	-42.25885
1742.475	-42.36237
1762.542	-42.48643
1782.609	-42.58886
1802.676	-42.66317
1822.742	-42.74021
1842.809	-42.84038
1862.876	-42.94795
1882.943	-43.03597
1903.01	-43.10026
1923.077	-43.15648
1943.144	-43.21305
1963.211	-43.26264
1983.278	-43.30118
2003.344	-43.34722
2023.411	-43.43737
2043.478	-43.60253
2063.545	-43.84594
2083.612	-44.13569
2103.679	-44.40735
2123.746	-44.56978
2143.813	-44.52568
2163.88	-44.26063
2183.946	-43.85194
2204.013	-43.46304
2224.08	-43.25831
2244.147	-43.36864
2264.214	-43.89268
2284.281	-44.88541
2304.348	-46.26065
2324.415	-47.48402
2344.482	-47.46801
2364.548	-46.05511
2384.615	-44.31906
2404.682	-42.94183
2424.749	-42.11516
2444.816	-41.88192
2464.883	-42.26703
2484.95	-43.31911
2505.017	-45.13718
2525.084	-47.86494
2545.151	-51.25683
2565.217	-52.37469
2585.284	-49.68146
2605.351	-46.92528
2625.418	-44.9891
2645.485	-43.7057
2665.552	-42.90316
2685.619	-42.47016
2705.686	-42.33731
2725.753	-42.47092
2745.819	-42.8745
2765.886	-43.58093
2785.953	-44.6334
2806.02	-46.06963
2826.087	-47.91895
2846.154	-50.17807
2866.221	-52.59867
2886.288	-54.02275
2906.355	-53.09971
2926.421	-50.94913
2946.488	-48.88571
2966.555	-47.22627
2986.622	-45.9603
3006.689	-45.01901
3026.756	-44.33057
3046.823	-43.84016
3066.89	-43.52144
3086.957	-43.36323
3107.023	-43.36618
3127.09	-43.52311
3147.157	-43.82258
3167.224	-44.25688
3187.291	-44.82756
3207.358	-45.54658
3227.425	-46.43527
3247.492	-47.52087
3267.559	-48.83046
3287.625	-50.38412
3307.692	-52.18279
3327.759	-54.14742
3347.826	-55.8987
3367.893	-56.52649
3387.96	-55.54949
3408.027	-53.8002
3428.094	-52.05853
3448.161	-50.5587
3468.227	-49.31225
3488.294	-48.29205
3508.361	-47.47799
3528.428	-46.85246
3548.495	-46.39002
3568.562	-46.05781
3588.629	-45.82204
3608.696	-45.6507
3628.763	-45.51289
3648.829	-45.38224
3668.896	-45.24416
3688.963	-45.09868
3709.03	-44.95604
3729.097	-44.83407
3749.164	-44.76219
3769.231	-44.78377
3789.298	-44.94985
3809.365	-45.31041
3829.431	-45.91197
3849.498	-46.80254
3869.565	-48.04035
3889.632	-49.69397
3909.699	-51.78416
3929.766	-54.00956
3949.833	-55.19575
3969.9	-54.37712
3989.967	-52.6961
4010.033	-51.25745
4030.1	-50.37278
4050.167	-50.10369
4070.234	-50.49862
4090.301	-51.66891
4110.368	-53.85751
4130.435	-57.45264
4150.502	-60.52169
4170.569	-56.63013
4190.635	-52.28624
4210.702	-49.31554
4230.769	-47.28188
4250.836	-45.89852
4270.903	-45.01388
4290.97	-44.54807
4311.037	-44.47256
4331.104	-44.80176
4351.171	-45.58821
4371.237	-46.93661
4391.304	-49.05094
4411.371	-52.37523
4431.438	-58.06985
4451.505	-62.96891
4471.572	-55.45453
4491.639	-50.77278
4511.706	-47.8207
4531.773	-45.77029
4551.839	-44.2939
4571.906	-43.23716
4591.973	-42.51523
4612.04	-42.07884
4632.107	-41.89675
4652.174	-41.94571
4672.241	-42.20731
4692.308	-42.66493
4712.375	-43.31096
4732.441	-44.17318
4752.508	-45.33055
4772.575	-46.90388
4792.642	-49.06708
4812.709	-52.13944
4832.776	-56.92744
4852.843	-66.79458
4872.91	-64.01823
4892.977	-56.48111
4913.043	-52.6478
4933.11	-50.16522
4953.177	-48.40674
4973.244	-47.13001
4993.311	-46.20988
5013.378	-45.57304
5033.445	-45.17736
5053.512	-44.97889
5073.579	-44.92164
5093.645	-44.97016
5113.712	-45.13323
5133.779	-45.44937
5153.846	-45.95152
5173.913	-46.62482
5193.98	-47.38956
5214.047	-48.14043
5234.114	-48.81537
5254.181	-49.43709
5274.247	-50.05186
5294.314	-50.57267
5314.381	-50.76595
5334.448	-50.50231
5354.515	-49.89739
5374.582	-49.17127
5394.649	-48.49615
5414.716	-47.94015
5434.783	-47.49362
5454.849	-47.1158
5474.916	-46.77438
5494.983	-46.48023
5515.05	-46.27336
5535.117	-46.18445
5555.184	-46.22312
5575.251	-46.37045
5595.318	-46.5952
5615.385	-46.90803
5635.452	-47.35306
5655.518	-47.93567
5675.585	-48.61475
5695.652	-49.36717
5715.719	-50.24936
5735.786	-51.39987
5755.853	-52.94799
5775.92	-54.8824
5795.987	-56.934
5816.054	-58.62114
5836.12	-59.6656
5856.187	-59.67607
5876.254	-58.08153
5896.321	-55.75839
5916.388	-53.66496
5936.455	-51.99916
5956.522	-50.69876
5976.589	-49.64839
5996.656	-48.73997
6016.722	-47.90849
6036.789	-47.14034
6056.856	-46.47002
6076.923	-45.93449
6096.99	-45.5295
6117.057	-45.21113
6137.124	-44.92238
6157.191	-44.64773
6177.258	-44.41703
6197.324	-44.24895
6217.391	-44.1407
6237.458	-44.10293
6257.525	-44.13846
6277.592	-44.21082
6297.659	-44.26557
6317.726	-44.291
6337.793	-44.36505
6357.86	-44.59024
6377.926	-44.95453
6397.993	-45.29025
6418.06	-45.46234
6438.127	-45.60467
6458.194	-45.97003
6478.261	-46.60272
6498.328	-47.26578
6518.395	-47.69245
6538.462	-47.98301
6558.528	-48.54167
6578.595	-49.5536
6598.662	-50.71858
6618.729	-51.62585
6638.796	-52.24043
6658.863	-53.12845
6678.93	-54.96585
6698.997	-57.60056
6719.064	-59.39165
6739.13	-60.04958
6759.197	-61.94968
6779.264	-65.62888
6799.331	-63.32706
6819.398	-59.69701
6839.465	-58.54648
6859.532	-58.34374
6879.599	-56.78464
6899.666	-54.66488
6919.732	-53.61782
6939.799	-53.57391
6959.866	-53.32486
6979.933	-52.23035
7000	-51.30378
