1000	-93.2751
1020.067	-90.0113
1040.134	-86.75791
1060.201	-84.86819
1080.268	-84.06141
1100.334	-84.13894
1120.401	-84.98023
1140.468	-86.37779
1160.535	-87.66895
1180.602	-87.71628
1200.669	-86.55451
1220.736	-85.3246
1240.803	-84.66093
1260.87	-84.7491
1280.936	-85.65485
1301.003	-87.34571
1321.07	-89.18234
1341.137	-89.13833
1361.204	-87.05413
1381.271	-85.01741
1401.338	-83.80156
1421.405	-83.5176
1441.472	-84.24961
1461.538	-86.24644
1481.605	-90.0956
1501.672	-95.09904
1521.739	-91.44951
1541.806	-87.17746
1561.873	-85.06687
1581.94	-84.577
1602.007	-85.64727
1622.074	-88.85597
1642.14	-96.96323
1662.207	-96.0027
1682.274	-88.27719
1702.341	-85.16144
1722.408	-84.26024
1742.475	-85.23156
1762.542	-88.75887
1782.609	-99.21871
1802.676	-92.62988
1822.742	-85.85506
1842.809	-83.07553
1862.876	-82.37072
1882.943	-83.50472
1903.01	-87.17513
1923.077	-96.08501
1943.144	-89.79514
1963.211	-83.90272
1983.278	-81.39796
2003.344	-80.85725
2023.411	-82.10678
2043.478	-85.87618
2063.545	-97.41761
2083.612	-91.47412
2103.679	-84.45568
2123.746	-81.99592
2143.813	-81.88193
2163.88	-83.90121
2183.946	-89.17784
2204.013	-98.44832
2224.08	-88.64961
2244.147	-84.73062
2264.214	-83.55177
2284.281	-83.14736
2304.348	-81.089
2324.415	-77.57207
2344.482	-74.38174
2364.548	-71.97383
2384.615	-70.25844
2404.682	-69.05929
2424.749	-68.17897
2444.816	-67.39849
2464.883	-66.50343
2484.95	-65.35625
2505.017	-63.95419
2525.084	-62.39868
2545.151	-60.81336
2565.217	-59.28973
2585.284	-57.87394
2605.351	-56.57282
2625.418	-55.36852
2645.485	-54.23317
2665.552	-53.14043
2685.619	-52.07937
2705.686	-51.05868
2725.753	-50.09961
2745.819	-49.22389
2765.886	-48.44409
2785.953	-47.76007
2806.02	-47.16084
2826.087	-46.63021
2846.154	-46.15379
2866.221	-45.72487
2886.288	-45.34675
2906.355	-45.0309
2926.421	-44.79265
2946.488	-44.64667
2966.555	-44.60444
2986.622	-44.67417
3006.689	-44.86293
3026.756	-45.18008
3046.823	-45.64101
3066.89	-46.26701
3086.957	-47.10462
3107.023	-48.19692
3127.09	-49.61628
3147.157	-51.46133
3167.224	-53.8404
3187.291	-56.6758
3207.358	-58.6921
3227.425	-57.59739
3247.492	-54.98401
3267.559	-52.6709
3287.625	-50.90688
3307.692	-49.60785
3327.759	-48.68747
3347.826	-48.09254
3367.893	-47.79696
3387.96	-47.79296
3408.027	-48.08514
3428.094	-48.68812
3448.161	-49.62782
3468.227	-50.94498
3488.294	-52.69261
3508.361	-54.88226
3528.428	-57.17355
3548.495	-58.12317
3568.562	-56.68031
3588.629	-54.42338
3608.696	-52.48502
3628.763	-51.06092
3648.829	-50.11405
3668.896	-49.58332
3688.963	-49.42061
3709.03	-49.59914
3729.097	-50.12044
3749.164	-51.02088
3769.231	-52.3712
3789.298	-54.24481
3809.365	-56.53679
3829.431	-58.28547
3849.498	-57.75574
3869.565	-55.7133
3889.632	-53.74376
3909.699	-52.25008
3929.766	-51.21886
3949.833	-50.60572
3969.9	-50.40491
3989.967	-50.6467
4010.033	-51.38381
4030.1	-52.68021
4050.167	-54.58788
4070.234	-57.013
4090.301	-59.10307
4110.368	-58.90554
4130.435	-56.79088
4150.502	-54.59668
4170.569	-52.91291
4190.635	-51.80322
4210.702	-51.25393
4230.769	-51.25013
4250.836	-51.78143
4270.903	-52.84324
4290.97	-54.43762
4311.037	-56.52833
4331.104	-58.71982
4351.171	-59.48692
4371.237	-57.9009
4391.304	-55.68123
4411.371	-53.92323
4431.438	-52.79215
4451.505	-52.23402
4471.572	-52.18103
4491.639	-52.59891
4511.706	-53.50039
4531.773	-54.93176
4551.839	-56.88088
4571.906	-58.89863
4591.973	-59.51014
4612.04	-58.08235
4632.107	-56.12563
4652.174	-54.5391
4672.241	-53.48163
4692.308	-52.95157
4712.375	-52.94657
4732.441	-53.48105
4752.508	-54.57452
4772.575	-56.21629
4792.642	-58.21959
4812.709	-59.76709
4832.776	-59.50534
4852.843	-57.79843
4872.91	-56.01126
4892.977	-54.69896
4913.043	-53.94798
4933.11	-53.73029
4953.177	-54.00556
4973.244	-54.7534
4993.311	-55.97295
5013.378	-57.59956
5033.445	-59.20926
5053.512	-59.74212
5073.579	-58.75695
5093.645	-57.23235
5113.712	-55.90005
5133.779	-54.9506
5153.846	-54.43405
5173.913	-54.40965
5193.98	-54.94382
5214.047	-56.06675
5234.114	-57.69341
5254.181	-59.42719
5274.247	-60.32262
5294.314	-59.65961
5314.381	-58.11198
5334.448	-56.61206
5354.515	-55.5719
5374.582	-55.098
5394.649	-55.17065
5414.716	-55.71636
5434.783	-56.65427
5454.849	-57.90574
5474.916	-59.25758
5494.983	-60.07691
5515.05	-59.70022
5535.117	-58.53156
5555.184	-57.34346
5575.251	-56.43145
5595.318	-55.83631
5615.385	-55.61189
5635.452	-55.87028
5655.518	-56.70741
5675.585	-58.09724
5695.652	-59.71997
5715.719	-60.76184
5735.786	-60.43453
5755.853	-59.09248
5775.92	-57.61348
5795.987	-56.51484
5816.054	-55.98246
5836.12	-56.02983
5856.187	-56.5908
5876.254	-57.59715
5896.321	-59.02433
5916.388	-60.75123
5936.455	-62.05845
5956.522	-61.79103
5976.589	-60.3684
5996.656	-58.9183
6016.722	-57.80719
6036.789	-57.0713
6056.856	-56.75966
6076.923	-56.92955
6096.99	-57.53005
6117.057	-58.28898
6137.124	-58.69971
6157.191	-58.4401
6177.258	-57.44501
6197.324	-56.19187
6217.391	-55.15726
6237.458	-54.6058
6257.525	-54.60046
6277.592	-55.08229
6297.659	-55.99719
6317.726	-57.45241
6337.793	-59.81019
6357.86	-63.76545
6377.926	-70.36837
6397.993	-70.79924
6418.06	-65.2533
6438.127	-61.74694
6458.194	-59.26996
6478.261	-57.48256
6498.328	-56.28543
6518.395	-55.52801
6538.462	-54.98071
6558.528	-54.40889
6578.595	-53.69334
6598.662	-52.90471
6618.729	-52.23332
6638.796	-51.83204
6658.863	-51.75076
6678.93	-51.96374
6698.997	-52.44641
6719.064	-53.25204
6739.13	-54.51939
6759.197	-56.42349
6779.264	-59.16789
6799.331	-63.14505
6819.398	-69.23822
6839.465	-71.32529
6859.532	-65.85547
6879.599	-63.00858
6899.666	-62.13071
6919.732	-62.49817
6939.799	-63.46448
6959.866	-64.73121
6979.933	-66.93468
7000	-71.18411
