380	0.0159059887	0.03106112934	0.04467950501	0.05595326456	0.0640796249	0.06799885301
378	0.01602181659	0.03128013995	0.04497524923	0.05628476789	0.06438969043	0.06817229021
376	0.01613905332	0.03150169175	0.04527407313	0.05661895542	0.06470058515	0.06833672068
374	0.01625772275	0.03172582485	0.04557601618	0.05695583814	0.06501223128	0.06849085432
372	0.0163778493	0.03195258026	0.04588111848	0.05729542651	0.0653245454	0.06863316735
370	0.01649945795	0.03218199985	0.04618942074	0.05763773037	0.06563743793	0.06876184613
368	0.01662257425	0.03241412637	0.04650096428	0.05798275883	0.06595081246	0.06887471465
366	0.01674722432	0.03264900347	0.04681579102	0.0583305202	0.0662645651	0.06896914027
364	0.01687343489	0.03288667572	0.04713394344	0.05868102187	0.06657858368	0.06904191017
362	0.01700123332	0.03312718862	0.04745546463	0.05903427028	0.06689274695	0.06908906811
360	0.01713064755	0.03337058861	0.04778039822	0.05939027074	0.06720692352	0.06910569743
358	0.0172617062	0.03361692312	0.04810878843	0.05974902739	0.06752097086	0.06908563033
356	0.01739443855	0.03386624055	0.04844067998	0.06011054308	0.06783473395	0.06902105683
354	0.01752887454	0.0341185903	0.04877611819	0.06047481921	0.06814804394	0.06890199721
352	0.0176650448	0.03437402284	0.04911514887	0.0608418557	0.06846071643	0
350	0.01780298069	0.03463258966	0.04945781837	0.06121165077	0.06877254963	0
348	0.0179427143	0.03489434333	0.04980417355	0.06158420085	0.0690833221	0
346	0.01808427847	0.03515933755	0.05015426178	0.06195950046	0.0693927902	0
344	0.01822770682	0.03542762712	0.05050813091	0.06233754199	0.06970068506	0
342	0.01837303376	0.03569926801	0.05086582927	0.06271831561	0.07000670899	0
340	0.01852029452	0.03597431737	0.05122740567	0.06310180903	0.07031053127	0
338	0.01866952518	0.03625283355	0.05159290933	0.06348800733	0.07061178305	0
336	0.01882076268	0.03653487616	0.05196238994	0.06387689279	0.07091005126	0
334	0.01897404486	0.03682050606	0.05233589758	0.06426844462	0.07120487125	0
332	0.01912941049	0.03710978541	0.05271348271	0.06466263873	0.07149571781	0
330	0.01928689925	0.03740277771	0.05309519617	0.0650594475	0.07178199412	0
328	0.01944655183	0.03769954781	0.05348108913	0.06545883947	0.07206301811	0
326	0.01960840992	0.03800016195	0.05387121308	0.06586077904	0.07233800548	0
324	0.01977251622	0.03830468782	0.05426561979	0.06626522616	0.07260604828	0
322	0.01993891453	0.03861319455	0.05466436125	0.06667213593	0.07286608782	0
320	0.02010764971	0.03892575277	0.05506748968	0.06708145824	0.07311687985	0
318	0.0202787678	0.03924243467	0.05547505746	0.06749313729	0.07335694965	0
316	0.02045231595	0.03956331396	0.05588711709	0.06790711118	0.07358453321	0
314	0.02062834256	0.03988846601	0.05630372112	0.06832331132	0.07379749946	0
312	0.02080689726	0.04021796781	0.05672492213	0.06874166187	0.07399324623	0
310	0.02098803093	0.04055189803	0.05715077266	0.06916207915	0.07416855922	0
308	0.0211717958	0.04089033708	0.05758132513	0.06958447082	0.07431941835	0
306	0.02135824545	0.04123336714	0.05801663178	0.07000873522	0.07444072816	0
304	0.02154743488	0.0415810722	0.05845674458	0.07043476037	0.07452593704	0
302	0.02173942051	0.04193353808	0.05890171517	0.07086242306	0.07456649163	0
300	0.02193426029	0.04229085252	0.05935159475	0.0712915877	0.07455104376	0
298	0.02213201368	0.04265310521	0.05980643398	0.07172210508	0.07446428215	0
296	0.02233274177	0.04302038779	0.06026628288	0.07215381094	0.07428519237	0
294	0.02253650728	0.04339279398	0.0607311907	0.07258652438	0.07398444858	0
292	0.02274337463	0.04377041954	0.06120120578	0.07302004599	0.07352051587	0
290	0.02295341	0.04415336238	0.06167637546	0.07345415574	0.07283394884	0
288	0.0231666814	0.04454172258	0.06215674586	0.07388861058	0	0
286	0.02338325871	0.04493560246	0.06264236174	0.07432314155	0	0
284	0.02360321373	0.0453351066	0.06313326635	0.07475745054	0	0
282	0.02382662032	0.04574034191	0.06362950117	0.07519120643	0	0
280	0.02405355436	0.04615141768	0.06413110573	0.07562404053	0	0
278	0.02428409391	0.04656844564	0.0646381174	0.07605554119	0	0
276	0.02451831925	0.04699153999	0.06515057106	0.07648524738	0	0
274	0.02475631296	0.04742081745	0.06566849887	0.07691264091	0	0
272	0.02499815998	0.04785639737	0.06619192999	0.07733713706	0	0
270	0.02524394773	0.04829840169	0.06672089016	0.07775807309	0	0
268	0.02549376619	0.04874695507	0.0672554014	0.0781746941	0	0
266	0.02574770797	0.0492021849	0.06779548162	0.07858613537	0	0
264	0.02600586841	0.04966422139	0.06834114412	0.07899140028	0	0
262	0.0262683457	0.05013319755	0.06889239716	0.0793893322	0	0
260	0.02653524095	0.05060924933	0.06944924341	0.07977857838	0	0
258	0.02680665834	0.05109251559	0.07001167939	0.08015754303	0	0
256	0.0270827052	0.05158313821	0.07057969481	0.08052432555	0	0
254	0.02736349212	0.05208126209	0.07115327188	0.08087663798	0	0
252	0.0276491331	0.05258703522	0.07173238455	0.08121169295	0	0
250	0.02793974566	0.0531006087	0.07231699763	0.08152604918	0	0
248	0.02823545097	0.05362213679	0.07290706587	0.08181539435	0	0
246	0.02853637402	0.05415177697	0.07350253289	0.08207423385	0	0
244	0.02884264371	0.0546896899	0.07410333002	0.0822954348	0	0
242	0.02915439306	0.05523603953	0.07470937503	0.08246954206	0	0
240	0.02947175931	0.05579099305	0.07532057063	0.08258372531	0	0
238	0.02979488414	0.05635472093	0.07593680292	0.08262011277	0	0
236	0.03012391381	0.05692739696	0.07655793949	0.08255307614	0	0
234	0.03045899936	0.05750919818	0.07718382745	0.08234467415	0	0
232	0.03080029677	0.05810030492	0.07781429106	0.08193679378	0	0
230	0.03114796718	0.05870090075	0.07844912916	0.08123733334	0	0
228	0.03150217713	0.05931117246	0.07908811215	0.08009597849	0	0
226	0.0318630987	0.05993131	0.07973097858	0.07826427133	0	0
224	0.0322309098	0.06056150643	0.08037743129	0	0	0
222	0.03260579439	0.06120195782	0.08102713283	0	0	0
220	0.03298794272	0.06185286316	0.08167970032	0	0	0
218	0.03337755161	0.06251442422	0.08233469926	0	0	0
216	0.03377482472	0.06318684543	0.08299163648	0	0	0
214	0.03417997281	0.06387033365	0.08364995163	0	0	0
212	0.0345932141	0.06456509803	0.0843090072	0	0	0
210	0.03501477453	0.06527134967	0.08496807654	0	0	0
208	0.03544488813	0.06598930142	0.08562632931	0	0	0
206	0.03588379734	0.06671916748	0.08628281391	0	0	0
204	0.03633175341	0.06746116305	0.08693643576	0	0	0
202	0.03678901678	0.06821550386	0.08758593043	0	0	0
200	0.03725585745	0.06898240568	0.08822982985	0	0	0
198	0.03773255544	0.06976208369	0.08886641944	0	0	0
196	0.03821940124	0.07055475187	0.08949368301	0	0	0
194	0.03871669627	0.07136062215	0.09010923085	0	0	0
192	0.03922475338	0.07217990363	0.09071020458	0	0	0
190	0.03974389735	0.07301280147	0.09129314906	0	0	0
188	0.04027446549	0.07385951585	0.09185383683	0	0	0
186	0.04081680817	0.07472024061	0.09238702253	0	0	0
184	0.04137128944	0.0755951618	0.0928860915	0	0	0
182	0.0419382877	0.07648445596	0.09334254408	0	0	0
180	0.04251819633	0.07738828825	0.09374521672	0	0	0
178	0.04311142443	0.07830681024	0.09407906675	0	0	0
176	0.04371839758	0.07924015742	0.0943232041	0	0	0
174	0.04433955859	0.08018844634	0.09444756466	0	0	0
172	0.04497536837	0.08115177137	0.09440700614	0	0	0
170	0.04562630679	0.08213020098	0.09413023656	0	0	0
168	0.04629287361	0.08312377346	0.09349777423	0	0	0
166	0.04697558946	0.08413249202	0.09229546573	0	0	0
164	0.04767499685	0.08515631914	0.09011313829	0	0	0
162	0.04839166127	0.08619517006	0.08613871662	0	0	0
160	0.04912617232	0.08724890527	0	0	0	0
158	0.04987914495	0.08831732171	0	0	0	0
156	0.05065122065	0.08940014262	0	0	0	0
154	0.05144306888	0.09049700564	0	0	0	0
152	0.05225538839	0.09160744878	0	0	0	0
150	0.05308890878	0.09273089398	0	0	0	0
148	0.05394439196	0.09386662746	0	0	0	0
146	0.05482263389	0.09501377642	0	0	0	0
144	0.05572446622	0.0961712809	0	0	0	0
142	0.05665075813	0.09733785986	0	0	0	0
140	0.05760241818	0.09851196963	0	0	0	0
138	0.05858039634	0.09969175289	0	0	0	0
136	0.05958568599	0.100874975	0	0	0	0
134	0.06061932612	0.1020589441	0	0	0	0
132	0.06168240351	0.103240409	0	0	0	0
130	0.06277605509	0.1044154273	0	0	0	0
128	0.06390147029	0.1055791924	0	0	0	0
126	0.0650598935	0.1067258026	0	0	0	0
124	0.06625262657	0.1078479456	0	0	0	0
122	0.06748103132	0.1089364611	0	0	0	0
120	0.06874653214	0.1099797156	0	0	0	0
118	0.07005061845	0.1109626867	0	0	0	0
116	0.07139484719	0.1118655781	0	0	0	0
114	0.07278084517	0.1126616457	0	0	0	0
112	0.07421031125	0.1133136403	0	0	0	0
110	0.07568501822	0.1137676828	0	0	0	0
108	0.07720681442	0.1139420583	0	0	0	0
106	0.07877762469	0.1137051259	0	0	0	0
104	0.08039945084	0.1128275778	0	0	0	0
102	0.08207437113	0.1108672186	0	0	0	0
100	0.08380453858	0.1068582958	0	0	0	0
98	0.08559217787	0.09848390363	0	0	0	0
96	0.08743958026	0	0	0	0	0
94	0.08934909605	0	0	0	0	0
92	0.09132312384	0	0	0	0	0
90	0.09336409578	0	0	0	0	0
88	0.09547445758	0	0	0	0	0
86	0.09765664182	0	0	0	0	0
84	0.09991303275	0	0	0	0	0
82	0.10224592	0	0	0	0	0
80	0.1046574382	0	0	0	0	0
78	0.1071494879	0	0	0	0	0
76	0.1097236328	0	0	0	0	0
74	0.112380965	0	0	0	0	0
72	0.1151219295	0	0	0	0	0
70	0.1179460928	0	0	0	0	0
68	0.1208518375	0	0	0	0	0
66	0.123835957	0	0	0	0	0
64	0.1268931116	0	0	0	0	0
62	0.1300150918	0	0	0	0	0
60	0.1331898097	0	0	0	0	0
58	0.1363998948	0	0	0	0	0
56	0.1396207046	0	0	0	0	0
54	0.1428174457	0	0	0	0	0
52	0.1459408932	0	0	0	0	0
50	0.1489208222	0	0	0	0	0
48	0.151655525	0	0	0	0	0
46	0.1539942651	0	0	0	0	0
44	0.1557061241	0	0	0	0	0
42	0.1564204599	0	0	0	0	0
40	0.1555018427	0	0	0	0	0
38	0.1517523335	0	0	0	0	0
36	0.1425735636	0	0	0	0	0
34	0.1213804802	0	0	0	0	0
